0.0005 45.9539
0.0010 47.4074
0.0015 47.8543
0.0020 49.1465
0.0025 51.0701
0.0030 51.8264
0.0035 52.8922
0.0040 53.1447
0.0045 55.5389
0.0050 55.9132
0.0055 57.9162
0.0060 59.7146
0.0065 61.9007
0.0070 61.7992
0.0075 64.4609
0.0080 65.5787
0.0085 69.0091
0.0090 71.9671
0.0095 73.8587
0.0100 80.6272
0.0105 79.6919
0.0110 84.5071
0.0115 88.107
0.0120 94.5156
0.0125 100.64
0.0130 105.883
0.0135 106.809
0.0140 109.112
0.0145 137.624
0.0150 140.661
0.0155 136.711
0.0160 166.641
0.0165 185.529
0.0170 192.882
0.0175 236.655
0.0180 223.848
0.0185 333.008
0.0195 434.72
