0.0005 47.125
0.0010 47.0417
0.0015 50.217
0.0020 50.3519
0.0025 51.2875
0.0030 52.8832
0.0035 53.2144
0.0040 53.6286
0.0045 55.4462
0.0050 56.0058
0.0055 58.9718
0.0060 59.5097
0.0065 62.6631
0.0070 63.6915
0.0075 64.7705
0.0080 68.2967
0.0085 68.9665
0.0090 69.9826
0.0095 73.8688
0.0100 76.2984
0.0105 77.3412
0.0110 80.2809
0.0115 86.0216
0.0120 86.7089
0.0125 92.1295
0.0130 93.5025
0.0135 99.7013
0.0140 102.829
0.0145 119.89
0.0150 131.379
0.0155 127.838
0.0160 140.944
0.0165 165.653
0.0170 178.872
0.0175 250.283
0.0180 291.292
