0.0005 58.3444
0.0010 59.3032
0.0015 59.9136
0.0020 60.7901
0.0025 61.8397
0.0030 62.7428
0.0035 64.1861
0.0040 64.2894
0.0045 65.1667
0.0050 66.0439
0.0055 69.7847
0.0060 68.644
0.0065 70.2998
0.0070 71.3764
0.0075 72.4142
0.0080 75.048
0.0085 77.6652
0.0090 80.8526
0.0095 79.5071
0.0100 84.1924
0.0105 86.967
0.0110 89.3103
0.0115 91.6444
0.0120 97.8768
0.0125 96.8317
0.0130 111.91
0.0135 110.477
0.0140 118.194
0.0145 124.87
0.0150 136.042
0.0155 145.165
0.0160 167.328
0.0165 185.47
0.0170 209.05
0.0175 290.103
0.0180 302.042
0.0185 356.87
