0.0005 45.8684
0.0010 47.4375
0.0015 47.5402
0.0020 49.1752
0.0025 49.8204
0.0030 50.7854
0.0035 51.5443
0.0040 52.6632
0.0045 53.143
0.0050 55.1404
0.0055 54.9451
0.0060 57.4995
0.0065 58.0496
0.0070 59.2311
0.0075 60.2779
0.0080 62.0372
0.0085 63.7704
0.0090 64.7069
0.0095 66.1616
0.0100 68.3591
0.0105 68.5107
0.0110 72.9732
0.0115 72.622
0.0120 76.3168
0.0125 79.6899
0.0130 82.1567
0.0135 83.6958
0.0140 87.5587
0.0145 89.731
0.0150 94.8772
0.0155 97.0697
0.0160 106.432
0.0165 111.051
0.0170 119.969
0.0175 126.445
0.0180 156.699
0.0185 175.604
0.0190 262.307
0.0195 342.945
0.0200 305.462
